3c068000
24c61000
40867801
40806000
40806800
34070000
00e00013
34180000
03000011
0800000b
00000000
3409ffff
3c17bfd0
36f70400
aee90000
3c11bfd0
36310408
3c130000
ae330000
3c028000
24420310
0040f809
00000000
0c000029
00000000
3c028000
24420120
0040f809
00000000
0c000029
00000000
2404005d
10930003
00000000
10000004
00000000
3c08bfd0
35080400
ad000000
1000ffff
00000000
24080001
2508ffff
1500fffe
00000000
03e00008
00000000
00000000
2404002e
24020001
0000000c
3c1000ff
14500002
00000000
26730001
aef30000
ae240000
03e00008
00000000
00000000
2404002d
24020002
0000000d
3c10ff00
14500002
00000000
26730001
aef30000
ae240000
03e00008
00000000
00000000
2404005d
3c02ffe8
3442dc03
3c120011
3652e124
3c100011
3610e000
3c071234
34e75867
241a0001
24084000
24094000
ae470000
00000000
00000000
00000000
00000000
00000000
3c08ed08
3508dc16
14680050
00000000
3c120011
3652f124
8e480000
3c071234
34e75867
14e80049
00000000
3c128010
36520124
8e480000
14e80044
00000000
3c02ffe8
3442dc03
3c120012
3652e124
241a0003
3c100012
3610e0dc
3c07e235
34e7e8f7
24084006
24094006
ae470000
00000000
00000000
00000000
00000000
00000000
3c08ed08
3508dc18
1468002f
00000000
3c100013
3610e0dc
40905000
3c120013
3652f124
24084006
24094006
8e480000
3c07e235
34e7e8f7
14e80023
00000000
3c02ffe8
3442dc03
3c120014
3652e124
241a0003
3c100014
3610e0dc
3c07bd86
34e713ac
24084006
24094000
ae470000
00000000
00000000
00000000
00000000
00000000
3c08ed08
3508dc18
1468000e
00000000
3c120015
3652f124
3c100015
3610e0dc
24084000
24094002
241a0003
8e470000
3c07ed08
34e7dc18
14e30002
00000000
26730001
aef30000
ae240000
03e00008
00000000
00000000
24040037
24020003
3c087fff
3508ffff
21087fff
3c021234
3c028765
3c025678
3c024321
3c100f0f
14500002
00000000
26730001
aef30000
ae240000
03e00008
00000000
00000000
2404005c
24120000
241a0010
40920000
3c02efe8
3442dc03
00124c00
3410f124
01308020
3c07abcd
34e7ef81
ae070000
00000000
00000000
00000000
00000000
00000000
3c08ed12
35085678
1468001d
00000000
3410f124
8e080000
3c10abcd
3610ef81
16080017
00000000
26520001
1752ffe6
00000000
24020000
241a0010
00000000
24030000
3410f124
00024c00
01308020
8e090000
3c07abcd
34e7ef81
15270008
00000000
24420001
24090000
15230004
00000000
145afff3
00000000
26730001
aef30000
ae240000
03e00008
00000000
00000000
9d8b03fc
00000000
00000000
00000000
00000000
00000000
00000000
00000000
00000000
00000000
00000000
00000000
00000000
00000000
00000000
00000000
00000000
00000000
00000000
00000000
00000000
00000000
00000000
00000000
00000000
00000000
00000000
00000000
00000000
00000000
00000000
00000000
00000000
00000000
00000000
00000000
00000000
00000000
00000000
00000000
00000000
00000000
00000000
00000000
00000000
00000000
00000000
00000000
00000000
00000000
00000000
00000000
00000000
00000000
00000000
00000000
00000000
00000000
00000000
00000000
00000000
00000000
00000000
00000000
00000000
00000000
00000000
00000000
00000000
00000000
00000000
00000000
00000000
00000000
00000000
00000000
00000000
00000000
00000000
00000000
00000000
00000000
00000000
00000000
00000000
00000000
00000000
00000000
00000000
00000000
00000000
00000000
00000000
00000000
00000000
00000000
00000000
00000000
00000000
00000000
00000000
00000000
00000000
00000000
00000000
00000000
00000000
00000000
00000000
00000000
00000000
00000000
00000000
00000000
00000000
00000000
00000000
00000000
00000000
00000000
00000000
00000000
00000000
00000000
00000000
00000000
00000000
00000000
00000000
00000000
00000000
00000000
00000000
00000000
00000000
00000000
00000000
00000000
00000000
00000000
00000000
00000000
00000000
00000000
00000000
00000000
00000000
00000000
00000000
00000000
00000000
00000000
00000000
00000000
00000000
00000000
00000000
00000000
00000000
00000000
00000000
00000000
00000000
00000000
00000000
00000000
00000000
00000000
00000000
00000000
00000000
00000000
00000000
00000000
00000000
00000000
00000000
00000000
00000000
00000000
00000000
00000000
00000000
00000000
00000000
00000000
00000000
00000000
00000000
00000000
00000000
00000000
00000000
00000000
00000000
00000000
00000000
00000000
00000000
00000000
00000000
00000000
00000000
00000000
00000000
00000000
00000000
00000000
00000000
00000000
00000000
00000000
00000000
00000000
00000000
00000000
00000000
00000000
00000000
00000000
00000000
00000000
00000000
00000000
00000000
00000000
00000000
00000000
00000000
00000000
00000000
00000000
00000000
00000000
00000000
00000000
00000000
00000000
00000000
00000000
00000000
00000000
00000000
00000000
00000000
00000000
00000000
00000000
00000000
00000000
00000000
00000000
00000000
00000000
00000000
00000000
00000000
00000000
00000000
00000000
00000000
00000000
00000000
00000000
00000000
00000000
00000000
00000000
00000000
00000000
00000000
00000000
00000000
00000000
00000000
00000000
00000000
00000000
00000000
00000000
00000000
00000000
00000000
00000000
00000000
00000000
00000000
00000000
00000000
00000000
00000000
00000000
00000000
00000000
00000000
00000000
00000000
00000000
00000000
00000000
00000000
00000000
00000000
00000000
00000000
00000000
00000000
00000000
00000000
00000000
00000000
00000000
00000000
00000000
00000000
00000000
00000000
00000000
00000000
00000000
00000000
00000000
00000000
00000000
00000000
00000000
00000000
00000000
00000000
00000000
00000000
00000000
00000000
00000000
00000000
00000000
00000000
00000000
00000000
00000000
00000000
00000000
00000000
00000000
00000000
00000000
00000000
00000000
00000000
00000000
00000000
00000000
00000000
00000000
00000000
00000000
00000000
00000000
00000000
00000000
00000000
00000000
00000000
00000000
00000000
00000000
00000000
00000000
00000000
00000000
00000000
00000000
00000000
00000000
00000000
00000000
00000000
00000000
00000000
00000000
00000000
00000000
00000000
00000000
00000000
00000000
00000000
00000000
00000000
00000000
00000000
00000000
00000000
00000000
00000000
00000000
00000000
00000000
00000000
00000000
00000000
00000000
00000000
00000000
00000000
00000000
00000000
00000000
00000000
00000000
00000000
00000000
00000000
00000000
00000000
00000000
00000000
00000000
00000000
00000000
00000000
00000000
00000000
00000000
00000000
00000000
00000000
00000000
00000000
00000000
00000000
00000000
00000000
00000000
00000000
00000000
00000000
00000000
00000000
00000000
00000000
00000000
00000000
00000000
00000000
00000000
00000000
00000000
00000000
00000000
00000000
00000000
00000000
00000000
00000000
00000000
00000000
00000000
00000000
00000000
00000000
00000000
00000000
00000000
00000000
00000000
00000000
00000000
00000000
00000000
00000000
00000000
00000000
00000000
00000000
00000000
00000000
00000000
00000000
00000000
00000000
00000000
00000000
00000000
00000000
00000000
00000000
00000000
00000000
00000000
00000000
00000000
00000000
00000000
00000000
00000000
00000000
00000000
00000000
00000000
00000000
00000000
00000000
00000000
00000000
00000000
00000000
00000000
00000000
00000000
00000000
00000000
00000000
00000000
00000000
00000000
00000000
00000000
00000000
00000000
00000000
00000000
00000000
00000000
00000000
00000000
00000000
00000000
00000000
00000000
00000000
00000000
00000000
00000000
00000000
00000000
00000000
00000000
00000000
00000000
00000000
00000000
00000000
00000000
00000000
00000000
00000000
00000000
00000000
00000000
00000000
00000000
00000000
00000000
00000000
00000000
00000000
00000000
00000000
00000000
00000000
00000000
00000000
00000000
00000000
00000000
00000000
00000000
00000000
00000000
00000000
00000000
00000000
00000000
00000000
00000000
00000000
00000000
00000000
00000000
00000000
00000000
00000000
00000000
00000000
00000000
00000000
00000000
00000000
00000000
00000000
00000000
00000000
00000000
00000000
00000000
00000000
00000000
00000000
00000000
00000000
00000000
00000000
00000000
00000000
00000000
00000000
00000000
00000000
00000000
00000000
00000000
00000000
00000000
00000000
00000000
00000000
00000000
00000000
00000000
00000000
00000000
00000000
00000000
00000000
00000000
00000000
00000000
00000000
00000000
00000000
00000000
00000000
00000000
00000000
00000000
00000000
00000000
00000000
00000000
00000000
00000000
00000000
00000000
00000000
00000000
00000000
00000000
00000000
00000000
00000000
00000000
00000000
00000000
00000000
00000000
00000000
00000000
00000000
00000000
00000000
00000000
00000000
00000000
00000000
00000000
00000000
00000000
00000000
00000000
00000000
00000000
00000000
00000000
00000000
00000000
00000000
00000000
00000000
00000000
00000000
00000000
00000000
00000000
00000000
00000000
00000000
00000000
00000000
00000000
00000000
00000000
00000000
00000000
00000000
00000000
00000000
00000000
00000000
00000000
00000000
00000000
00000000
00000000
00000000
00000000
00000000
00000000
00000000
00000000
00000000
00000000
00000000
00000000
00000000
00000000
00000000
00000000
00000000
00000000
00000000
00000000
00000000
00000000
00000000
00000000
00000000
00000000
00000000
00000000
00000000
00000000
00000000
00000000
00000000
00000000
00000000
00000000
00000000
00000000
00000000
00000000
00000000
00000000
00000000
00000000
00000000
00000000
00000000
00000000
00000000
00000000
00000000
00000000
00000000
00000000
00000000
00000000
00000000
00000000
00000000
00000000
00000000
00000000
00000000
00000000
00000000
00000000
00000000
00000000
00000000
00000000
00000000
00000000
3c03ffe8
3463dc03
10430104
00000000
3c03efe8
3463dc03
10430119
00000000
00000000
00000000
00000000
00000000
00000000
00000000
00000000
00000000
00000000
00000000
00000000
00000000
00000000
00000000
00000000
00000000
00000000
00000000
00000000
00000000
00000000
00000000
00000000
00000000
00000000
00000000
00000000
00000000
00000000
00000000
00000000
00000000
00000000
00000000
00000000
00000000
00000000
00000000
00000000
00000000
00000000
00000000
00000000
00000000
00000000
00000000
00000000
00000000
00000000
00000000
00000000
00000000
00000000
00000000
00000000
00000000
00000000
00000000
00000000
00000000
00000000
00000000
00000000
00000000
00000000
00000000
00000000
00000000
00000000
00000000
00000000
00000000
00000000
00000000
00000000
00000000
00000000
00000000
00000000
00000000
00000000
00000000
00000000
00000000
00000000
00000000
00000000
00000000
24030001
1043001b
00000000
24030002
1043002b
00000000
24030003
1043003b
00000000
24030004
1043003e
00000000
24030005
10430049
00000000
24030006
10430054
00000000
24030007
1043005f
00000000
24030008
1043006b
00000000
24030009
10430076
00000000
1000007b
00000000
00001021
401a7000
3c1b8000
277b00c8
175b0075
00000000
401a6800
335a007c
241b0020
175b0070
00000000
401a6000
335a0002
241b0002
175b006b
00000000
3c0200ff
10000068
00000000
00001021
401a7000
3c1b8000
277b00f8
175b0062
00000000
401a6800
335a007c
241b0024
175b005d
00000000
401a6000
335a0002
241b0002
175b0058
00000000
3c02ff00
10000055
00000000
3c1a8000
275a02e8
409a7000
3c020f0f
1000004f
00000000
00001021
401a6800
335a007c
241b0030
175b0049
00000000
401a6000
335a0002
241b0002
175b0044
00000000
3c021234
10000041
00000000
00001021
401a6800
335a007c
241b0010
175b003b
00000000
401a6000
335a0002
241b0002
175b0036
00000000
3c025678
10000033
00000000
00001021
401a6800
335a007c
241b0014
175b002d
00000000
401a6000
335a0002
241b0002
175b0028
00000000
3c021111
10000025
00000000
00001021
409b7000
401a6800
335a007c
241b0010
175b001e
00000000
401a6000
335a0002
241b0002
175b0019
00000000
3c022222
10000016
00000000
00001021
401a6800
335a007c
241b0028
175b0010
00000000
401a6000
335a0002
241b0002
175b000b
00000000
3c023333
10000008
00000000
00001021
401a6800
3c1b8000
035bd024
175b0002
00000000
3c024444
401a6800
40037000
3c1b8000
24630004
035bd024
13400002
00000000
24630004
40837000
14400002
00000000
3c02ffff
42000018
00000000
00000000
00000000
24030001
13430009
00000000
24030003
1343000a
00000000
25080001
25290001
275a0001
08000518
00000000
35080007
35290007
08000518
00000000
08000518
00000000
40905000
40881000
40891800
42000006
3c03ed08
3463dc15
007a1820
42000018
40034000
3c05ffff
34a5e000
00a31824
40835000
24034007
40831000
24034007
40831800
42000002
3c03ed12
34635678
42000018
00000000
