00
00
01
00
00
00
13
00
11
0b
00
ff
d0
00
00
d0
08
00
00
00
10
09
00
29
00
00
20
09
00
29
00
5d
03
00
04
00
d0
00
00
ff
00
01
ff
fe
00
08
00
00
2e
01
0c
ff
02
00
01
00
00
08
00
00
2d
02
0d
00
02
00
01
00
00
08
00
00
5d
e8
03
11
24
11
00
34
67
01
00
00
00
00
00
00
00
00
08
16
50
00
11
24
00
34
67
49
00
10
24
00
44
00
e8
03
12
24
03
12
dc
35
f7
06
06
00
00
00
00
00
00
08
18
2f
00
13
dc
00
13
24
06
06
00
35
f7
23
00
e8
03
14
24
03
14
dc
86
ac
06
00
00
00
00
00
00
00
08
18
0e
00
15
24
15
dc
00
02
03
00
08
18
02
00
01
00
00
08
00
00
37
03
ff
ff
ff
34
65
78
21
0f
02
00
01
00
00
08
00
00
5c
00
10
00
e8
03
00
24
20
cd
81
00
00
00
00
00
00
12
78
1d
00
24
00
cd
81
17
00
01
e6
00
00
10
00
00
24
00
20
00
cd
81
08
00
01
00
04
00
f3
00
01
00
00
08
00
00
fc
00
00
00
00
00
00
00
00
00
00
00
00
00
00
00
00
00
00
00
00
00
00
00
00
00
00
00
00
00
00
00
00
00
00
00
00
00
00
00
00
00
00
00
00
00
00
00
00
00
00
00
00
00
00
00
00
00
00
00
00
00
00
00
00
00
00
00
00
00
00
00
00
00
00
00
00
00
00
00
00
00
00
00
00
00
00
00
00
00
00
00
00
00
00
00
00
00
00
00
00
00
00
00
00
00
00
00
00
00
00
00
00
00
00
00
00
00
00
00
00
00
00
00
00
00
00
00
00
00
00
00
00
00
00
00
00
00
00
00
00
00
00
00
00
00
00
00
00
00
00
00
00
00
00
00
00
00
00
00
00
00
00
00
00
00
00
00
00
00
00
00
00
00
00
00
00
00
00
00
00
00
00
00
00
00
00
00
00
00
00
00
00
00
00
00
00
00
00
00
00
00
00
00
00
00
00
00
00
00
00
00
00
00
00
00
00
00
00
00
00
00
00
00
00
00
00
00
00
00
00
00
00
00
00
00
00
00
00
00
00
00
00
00
00
00
00
00
00
00
00
00
00
00
00
00
00
00
00
00
00
00
00
00
00
00
00
00
00
00
00
00
00
00
00
00
00
00
00
00
00
00
00
00
00
00
00
00
00
00
00
00
00
00
00
00
00
00
00
00
00
00
00
00
00
00
00
00
00
00
00
00
00
00
00
00
00
00
00
00
00
00
00
00
00
00
00
00
00
00
00
00
00
00
00
00
00
00
00
00
00
00
00
00
00
00
00
00
00
00
00
00
00
00
00
00
00
00
00
00
00
00
00
00
00
00
00
00
00
00
00
00
00
00
00
00
00
00
00
00
00
00
00
00
00
00
00
00
00
00
00
00
00
00
00
00
00
00
00
00
00
00
00
00
00
00
00
00
00
00
00
00
00
00
00
00
00
00
00
00
00
00
00
00
00
00
00
00
00
00
00
00
00
00
00
00
00
00
00
00
00
00
00
00
00
00
00
00
00
00
00
00
00
00
00
00
00
00
00
00
00
00
00
00
00
00
00
00
00
00
00
00
00
00
00
00
00
00
00
00
00
00
00
00
00
00
00
00
00
00
00
00
00
00
00
00
00
00
00
00
00
00
00
00
00
00
00
00
00
00
00
00
00
00
00
00
00
00
00
00
00
00
00
00
00
00
00
00
00
00
00
00
00
00
00
00
00
00
00
00
00
00
00
00
00
00
00
00
00
00
00
00
00
00
00
00
00
00
00
00
00
00
00
00
00
00
00
00
00
00
00
00
00
00
00
00
00
00
00
00
00
00
00
00
00
00
00
00
00
00
00
00
00
00
00
00
00
00
00
00
00
00
00
00
00
00
00
00
00
00
00
00
00
00
00
00
00
00
00
00
00
00
00
00
00
00
00
00
00
00
00
00
00
00
00
00
00
00
00
00
00
00
00
00
00
00
00
00
00
00
00
00
00
00
00
00
00
00
00
00
00
00
00
00
00
00
00
00
00
00
00
00
00
00
00
00
00
00
00
00
00
00
00
00
00
00
00
00
00
00
00
00
00
00
00
00
00
00
00
00
00
00
00
00
00
00
00
00
00
00
00
00
00
00
00
00
00
00
00
00
00
00
00
00
00
00
00
00
00
00
00
00
00
00
00
00
00
00
00
00
00
00
00
00
00
00
00
00
00
00
00
00
00
00
00
00
00
00
00
00
00
00
00
00
00
00
00
00
00
00
00
00
00
00
e8
03
04
00
e8
03
19
00
00
00
00
00
00
00
00
00
00
00
00
00
00
00
00
00
00
00
00
00
00
00
00
00
00
00
00
00
00
00
00
00
00
00
00
00
00
00
00
00
00
00
00
00
00
00
00
00
00
00
00
00
00
00
00
00
00
00
00
00
00
00
00
00
00
00
00
00
00
00
00
00
00
00
00
00
00
00
00
00
00
00
00
00
00
00
00
00
01
1b
00
02
2b
00
03
3b
00
04
3e
00
05
49
00
06
54
00
07
5f
00
08
6b
00
09
76
00
7b
00
21
00
00
c8
75
00
00
7c
20
70
00
00
02
02
6b
00
ff
68
00
21
00
00
f8
62
00
00
7c
24
5d
00
00
02
02
58
00
00
55
00
00
e8
00
0f
4f
00
21
00
7c
30
49
00
00
02
02
44
00
34
41
00
21
00
7c
10
3b
00
00
02
02
36
00
78
33
00
21
00
7c
14
2d
00
00
02
02
28
00
11
25
00
21
00
00
7c
10
1e
00
00
02
02
19
00
22
16
00
21
00
7c
28
10
00
00
02
02
0b
00
33
08
00
21
00
00
24
02
00
44
00
00
00
04
24
02
00
04
00
02
00
ff
18
00
00
00
01
09
00
03
0a
00
01
01
01
18
00
07
07
18
00
18
00
00
00
00
06
08
15
20
18
00
ff
00
24
00
07
00
07
00
02
12
78
18
00
