3c
24
40
40
40
34
00
34
03
08
00
34
3c
36
ae
3c
36
3c
ae
3c
24
00
00
0c
00
3c
24
00
00
0c
00
24
10
00
10
00
3c
35
ad
10
00
24
25
15
00
03
00
00
24
24
00
3c
14
00
26
ae
ae
03
00
00
24
24
00
3c
14
00
26
ae
ae
03
00
00
24
3c
34
3c
36
3c
36
3c
34
24
24
24
ae
00
00
00
00
00
3c
35
14
00
3c
36
8e
3c
34
14
00
3c
36
8e
14
00
3c
34
3c
36
24
3c
36
3c
34
24
24
ae
00
00
00
00
00
3c
35
14
00
3c
36
40
3c
36
24
24
8e
3c
34
14
00
3c
34
3c
36
24
3c
36
3c
34
24
24
ae
00
00
00
00
00
3c
35
14
00
3c
36
3c
36
24
24
24
8e
3c
34
14
00
26
ae
ae
03
00
00
24
24
3c
35
21
3c
3c
3c
3c
3c
14
00
26
ae
ae
03
00
00
24
24
24
40
3c
34
00
34
01
3c
34
ae
00
00
00
00
00
3c
35
14
00
34
8e
3c
36
16
00
26
17
00
24
24
00
24
34
00
01
8e
3c
34
15
00
24
24
15
00
14
00
26
ae
ae
03
00
00
9d
00
00
00
00
00
00
00
00
00
00
00
00
00
00
00
00
00
00
00
00
00
00
00
00
00
00
00
00
00
00
00
00
00
00
00
00
00
00
00
00
00
00
00
00
00
00
00
00
00
00
00
00
00
00
00
00
00
00
00
00
00
00
00
00
00
00
00
00
00
00
00
00
00
00
00
00
00
00
00
00
00
00
00
00
00
00
00
00
00
00
00
00
00
00
00
00
00
00
00
00
00
00
00
00
00
00
00
00
00
00
00
00
00
00
00
00
00
00
00
00
00
00
00
00
00
00
00
00
00
00
00
00
00
00
00
00
00
00
00
00
00
00
00
00
00
00
00
00
00
00
00
00
00
00
00
00
00
00
00
00
00
00
00
00
00
00
00
00
00
00
00
00
00
00
00
00
00
00
00
00
00
00
00
00
00
00
00
00
00
00
00
00
00
00
00
00
00
00
00
00
00
00
00
00
00
00
00
00
00
00
00
00
00
00
00
00
00
00
00
00
00
00
00
00
00
00
00
00
00
00
00
00
00
00
00
00
00
00
00
00
00
00
00
00
00
00
00
00
00
00
00
00
00
00
00
00
00
00
00
00
00
00
00
00
00
00
00
00
00
00
00
00
00
00
00
00
00
00
00
00
00
00
00
00
00
00
00
00
00
00
00
00
00
00
00
00
00
00
00
00
00
00
00
00
00
00
00
00
00
00
00
00
00
00
00
00
00
00
00
00
00
00
00
00
00
00
00
00
00
00
00
00
00
00
00
00
00
00
00
00
00
00
00
00
00
00
00
00
00
00
00
00
00
00
00
00
00
00
00
00
00
00
00
00
00
00
00
00
00
00
00
00
00
00
00
00
00
00
00
00
00
00
00
00
00
00
00
00
00
00
00
00
00
00
00
00
00
00
00
00
00
00
00
00
00
00
00
00
00
00
00
00
00
00
00
00
00
00
00
00
00
00
00
00
00
00
00
00
00
00
00
00
00
00
00
00
00
00
00
00
00
00
00
00
00
00
00
00
00
00
00
00
00
00
00
00
00
00
00
00
00
00
00
00
00
00
00
00
00
00
00
00
00
00
00
00
00
00
00
00
00
00
00
00
00
00
00
00
00
00
00
00
00
00
00
00
00
00
00
00
00
00
00
00
00
00
00
00
00
00
00
00
00
00
00
00
00
00
00
00
00
00
00
00
00
00
00
00
00
00
00
00
00
00
00
00
00
00
00
00
00
00
00
00
00
00
00
00
00
00
00
00
00
00
00
00
00
00
00
00
00
00
00
00
00
00
00
00
00
00
00
00
00
00
00
00
00
00
00
00
00
00
00
00
00
00
00
00
00
00
00
00
00
00
00
00
00
00
00
00
00
00
00
00
00
00
00
00
00
00
00
00
00
00
00
00
00
00
00
00
00
00
00
00
00
00
00
00
00
00
00
00
00
00
00
00
00
00
00
00
00
00
00
00
00
00
00
00
00
00
00
00
00
00
00
00
00
00
00
00
00
00
00
00
00
00
00
00
00
00
00
00
00
00
00
00
00
00
00
00
00
00
00
00
00
00
00
00
00
00
00
00
00
00
00
00
00
00
00
00
00
00
00
00
00
00
00
00
00
00
00
00
00
00
00
00
00
00
00
00
00
00
00
00
00
00
00
00
00
00
00
00
00
00
00
00
00
00
00
00
00
00
00
00
00
00
00
00
00
00
00
00
00
00
00
00
00
00
00
00
00
00
00
00
00
00
00
00
00
00
00
00
00
3c
34
10
00
3c
34
10
00
00
00
00
00
00
00
00
00
00
00
00
00
00
00
00
00
00
00
00
00
00
00
00
00
00
00
00
00
00
00
00
00
00
00
00
00
00
00
00
00
00
00
00
00
00
00
00
00
00
00
00
00
00
00
00
00
00
00
00
00
00
00
00
00
00
00
00
00
00
00
00
00
00
00
00
00
00
00
00
00
00
00
00
00
00
00
00
00
24
10
00
24
10
00
24
10
00
24
10
00
24
10
00
24
10
00
24
10
00
24
10
00
24
10
00
10
00
00
40
3c
27
17
00
40
33
24
17
00
40
33
24
17
00
3c
10
00
00
40
3c
27
17
00
40
33
24
17
00
40
33
24
17
00
3c
10
00
3c
27
40
3c
10
00
00
40
33
24
17
00
40
33
24
17
00
3c
10
00
00
40
33
24
17
00
40
33
24
17
00
3c
10
00
00
40
33
24
17
00
40
33
24
17
00
3c
10
00
00
40
40
33
24
17
00
40
33
24
17
00
3c
10
00
00
40
33
24
17
00
40
33
24
17
00
3c
10
00
00
40
3c
03
17
00
3c
40
40
3c
24
03
13
00
24
40
14
00
3c
42
00
00
00
24
13
00
24
13
00
25
25
27
08
00
35
35
08
00
08
00
40
40
40
42
3c
34
00
42
40
3c
34
00
40
24
40
24
40
42
3c
34
42
00
