06
c6
86
80
80
07
e0
18
00
00
00
09
17
f7
e9
11
31
13
33
02
42
40
00
00
00
02
42
40
00
00
00
04
93
00
00
00
08
08
00
00
00
08
08
00
00
e0
00
00
04
02
00
10
50
00
73
f3
24
e0
00
00
04
02
00
10
50
00
73
f3
24
e0
00
00
04
02
42
12
52
10
10
07
e7
1a
08
09
47
00
00
00
00
00
08
08
68
00
12
52
48
07
e7
e8
00
12
52
48
e8
00
02
42
12
52
1a
10
10
07
e7
08
09
47
00
00
00
00
00
08
08
68
00
10
10
90
12
52
08
09
48
07
e7
e8
00
02
42
12
52
1a
10
10
07
e7
08
09
47
00
00
00
00
00
08
08
68
00
12
52
10
10
08
09
1a
47
07
e7
e3
00
73
f3
24
e0
00
00
04
02
08
08
08
02
02
02
02
10
50
00
73
f3
24
e0
00
00
04
12
1a
92
02
42
12
10
30
07
e7
07
00
00
00
00
00
08
08
68
00
10
08
10
10
08
00
52
52
00
02
1a
00
03
10
02
30
09
07
e7
27
00
42
09
23
00
5a
00
73
f3
24
e0
00
00
8b
00
00
00
00
00
00
00
00
00
00
00
00
00
00
00
00
00
00
00
00
00
00
00
00
00
00
00
00
00
00
00
00
00
00
00
00
00
00
00
00
00
00
00
00
00
00
00
00
00
00
00
00
00
00
00
00
00
00
00
00
00
00
00
00
00
00
00
00
00
00
00
00
00
00
00
00
00
00
00
00
00
00
00
00
00
00
00
00
00
00
00
00
00
00
00
00
00
00
00
00
00
00
00
00
00
00
00
00
00
00
00
00
00
00
00
00
00
00
00
00
00
00
00
00
00
00
00
00
00
00
00
00
00
00
00
00
00
00
00
00
00
00
00
00
00
00
00
00
00
00
00
00
00
00
00
00
00
00
00
00
00
00
00
00
00
00
00
00
00
00
00
00
00
00
00
00
00
00
00
00
00
00
00
00
00
00
00
00
00
00
00
00
00
00
00
00
00
00
00
00
00
00
00
00
00
00
00
00
00
00
00
00
00
00
00
00
00
00
00
00
00
00
00
00
00
00
00
00
00
00
00
00
00
00
00
00
00
00
00
00
00
00
00
00
00
00
00
00
00
00
00
00
00
00
00
00
00
00
00
00
00
00
00
00
00
00
00
00
00
00
00
00
00
00
00
00
00
00
00
00
00
00
00
00
00
00
00
00
00
00
00
00
00
00
00
00
00
00
00
00
00
00
00
00
00
00
00
00
00
00
00
00
00
00
00
00
00
00
00
00
00
00
00
00
00
00
00
00
00
00
00
00
00
00
00
00
00
00
00
00
00
00
00
00
00
00
00
00
00
00
00
00
00
00
00
00
00
00
00
00
00
00
00
00
00
00
00
00
00
00
00
00
00
00
00
00
00
00
00
00
00
00
00
00
00
00
00
00
00
00
00
00
00
00
00
00
00
00
00
00
00
00
00
00
00
00
00
00
00
00
00
00
00
00
00
00
00
00
00
00
00
00
00
00
00
00
00
00
00
00
00
00
00
00
00
00
00
00
00
00
00
00
00
00
00
00
00
00
00
00
00
00
00
00
00
00
00
00
00
00
00
00
00
00
00
00
00
00
00
00
00
00
00
00
00
00
00
00
00
00
00
00
00
00
00
00
00
00
00
00
00
00
00
00
00
00
00
00
00
00
00
00
00
00
00
00
00
00
00
00
00
00
00
00
00
00
00
00
00
00
00
00
00
00
00
00
00
00
00
00
00
00
00
00
00
00
00
00
00
00
00
00
00
00
00
00
00
00
00
00
00
00
00
00
00
00
00
00
00
00
00
00
00
00
00
00
00
00
00
00
00
00
00
00
00
00
00
00
00
00
00
00
00
00
00
00
00
00
00
00
00
00
00
00
00
00
00
00
00
00
00
00
00
00
00
00
00
00
00
00
00
00
00
00
00
00
00
00
00
00
00
00
00
00
00
00
00
00
00
00
00
00
00
00
00
00
00
00
00
00
00
00
00
00
00
00
00
00
00
00
00
00
00
00
00
00
00
00
00
00
00
00
00
00
00
00
00
00
00
00
00
00
00
00
00
00
00
00
00
00
00
00
00
00
00
00
00
00
00
00
00
00
00
00
00
00
00
00
00
00
00
00
00
00
00
00
00
00
00
00
00
00
00
00
00
00
00
00
00
00
00
00
00
00
00
00
00
00
00
00
00
00
00
00
00
00
00
00
00
00
00
00
00
00
00
00
00
00
00
00
00
00
00
00
00
00
00
00
00
00
00
00
00
00
00
00
00
00
00
00
00
00
00
03
63
43
00
03
63
43
00
00
00
00
00
00
00
00
00
00
00
00
00
00
00
00
00
00
00
00
00
00
00
00
00
00
00
00
00
00
00
00
00
00
00
00
00
00
00
00
00
00
00
00
00
00
00
00
00
00
00
00
00
00
00
00
00
00
00
00
00
00
00
00
00
00
00
00
00
00
00
00
00
00
00
00
00
00
00
00
00
00
00
00
00
00
00
00
00
03
43
00
03
43
00
03
43
00
03
43
00
03
43
00
03
43
00
03
43
00
03
43
00
03
43
00
00
00
00
1a
1b
7b
5b
00
1a
5a
1b
5b
00
1a
5a
1b
5b
00
02
00
00
00
1a
1b
7b
5b
00
1a
5a
1b
5b
00
1a
5a
1b
5b
00
02
00
00
1a
5a
9a
02
00
00
00
1a
5a
1b
5b
00
1a
5a
1b
5b
00
02
00
00
00
1a
5a
1b
5b
00
1a
5a
1b
5b
00
02
00
00
00
1a
5a
1b
5b
00
1a
5a
1b
5b
00
02
00
00
00
9b
1a
5a
1b
5b
00
1a
5a
1b
5b
00
02
00
00
00
1a
5a
1b
5b
00
1a
5a
1b
5b
00
02
00
00
00
1a
1b
5b
5b
00
02
1a
03
1b
63
5b
40
00
63
83
40
00
02
00
00
00
00
03
43
00
03
43
00
08
29
5a
00
00
08
29
00
00
00
00
90
88
89
00
03
63
7a
00
03
05
a5
a3
83
03
83
03
83
00
03
63
00
00
