80
10
78
60
68
00
00
00
00
00
00
ff
bf
04
00
bf
04
00
00
80
03
f8
00
00
00
80
01
f8
00
00
00
00
00
00
00
00
bf
04
00
ff
00
00
ff
ff
00
00
00
00
00
00
00
00
00
00
00
00
00
00
00
00
00
00
00
ff
00
00
00
00
00
00
00
00
00
ff
dc
00
e1
00
e0
12
58
00
40
40
00
00
00
00
00
00
ed
dc
00
00
00
f1
00
12
58
00
00
80
01
00
00
00
ff
dc
00
e1
00
00
e0
e2
e8
40
40
00
00
00
00
00
00
ed
dc
00
00
00
e0
50
00
f1
40
40
00
e2
e8
00
00
ff
dc
00
e1
00
00
e0
bd
13
40
40
00
00
00
00
00
00
ed
dc
00
00
00
f1
00
e0
40
40
00
00
ed
dc
00
00
00
00
00
00
00
00
00
00
7f
ff
7f
12
87
56
43
0f
00
00
00
00
00
00
00
00
00
00
00
00
ef
dc
4c
f1
80
ab
ef
00
00
00
00
00
00
ed
56
00
00
f1
00
ab
ef
00
00
00
ff
00
00
00
00
00
f1
4c
80
00
ab
ef
00
00
00
00
00
00
ff
00
00
00
00
00
00
00
03
00
00
00
00
00
00
00
00
00
00
00
00
00
00
00
00
00
00
00
00
00
00
00
00
00
00
00
00
00
00
00
00
00
00
00
00
00
00
00
00
00
00
00
00
00
00
00
00
00
00
00
00
00
00
00
00
00
00
00
00
00
00
00
00
00
00
00
00
00
00
00
00
00
00
00
00
00
00
00
00
00
00
00
00
00
00
00
00
00
00
00
00
00
00
00
00
00
00
00
00
00
00
00
00
00
00
00
00
00
00
00
00
00
00
00
00
00
00
00
00
00
00
00
00
00
00
00
00
00
00
00
00
00
00
00
00
00
00
00
00
00
00
00
00
00
00
00
00
00
00
00
00
00
00
00
00
00
00
00
00
00
00
00
00
00
00
00
00
00
00
00
00
00
00
00
00
00
00
00
00
00
00
00
00
00
00
00
00
00
00
00
00
00
00
00
00
00
00
00
00
00
00
00
00
00
00
00
00
00
00
00
00
00
00
00
00
00
00
00
00
00
00
00
00
00
00
00
00
00
00
00
00
00
00
00
00
00
00
00
00
00
00
00
00
00
00
00
00
00
00
00
00
00
00
00
00
00
00
00
00
00
00
00
00
00
00
00
00
00
00
00
00
00
00
00
00
00
00
00
00
00
00
00
00
00
00
00
00
00
00
00
00
00
00
00
00
00
00
00
00
00
00
00
00
00
00
00
00
00
00
00
00
00
00
00
00
00
00
00
00
00
00
00
00
00
00
00
00
00
00
00
00
00
00
00
00
00
00
00
00
00
00
00
00
00
00
00
00
00
00
00
00
00
00
00
00
00
00
00
00
00
00
00
00
00
00
00
00
00
00
00
00
00
00
00
00
00
00
00
00
00
00
00
00
00
00
00
00
00
00
00
00
00
00
00
00
00
00
00
00
00
00
00
00
00
00
00
00
00
00
00
00
00
00
00
00
00
00
00
00
00
00
00
00
00
00
00
00
00
00
00
00
00
00
00
00
00
00
00
00
00
00
00
00
00
00
00
00
00
00
00
00
00
00
00
00
00
00
00
00
00
00
00
00
00
00
00
00
00
00
00
00
00
00
00
00
00
00
00
00
00
00
00
00
00
00
00
00
00
00
00
00
00
00
00
00
00
00
00
00
00
00
00
00
00
00
00
00
00
00
00
00
00
00
00
00
00
00
00
00
00
00
00
00
00
00
00
00
00
00
00
00
00
00
00
00
00
00
00
00
00
00
00
00
00
00
00
00
00
00
00
00
00
00
00
00
00
00
00
00
00
00
00
00
00
00
00
00
00
00
00
00
00
00
00
00
00
00
00
00
00
00
00
00
00
00
00
00
00
00
00
00
00
00
00
00
00
00
00
00
00
00
00
00
00
00
00
00
00
00
00
00
00
00
00
00
00
00
00
00
00
00
00
00
00
00
00
00
00
00
00
00
00
00
00
00
00
00
00
00
00
00
00
00
00
00
00
00
00
00
00
00
00
00
00
00
00
00
00
00
00
00
00
00
00
00
00
00
00
00
00
00
00
00
00
00
00
00
00
00
00
00
00
00
00
00
00
00
00
00
00
00
00
00
00
00
00
00
00
00
00
00
00
00
00
00
00
00
00
00
00
00
00
00
00
00
00
00
00
00
00
00
00
00
00
00
00
00
00
00
00
00
00
00
00
00
00
00
00
00
00
00
00
00
00
00
00
00
00
00
00
00
00
00
00
00
00
00
00
00
00
00
00
00
00
00
00
00
00
00
00
00
00
ff
dc
01
00
ef
dc
01
00
00
00
00
00
00
00
00
00
00
00
00
00
00
00
00
00
00
00
00
00
00
00
00
00
00
00
00
00
00
00
00
00
00
00
00
00
00
00
00
00
00
00
00
00
00
00
00
00
00
00
00
00
00
00
00
00
00
00
00
00
00
00
00
00
00
00
00
00
00
00
00
00
00
00
00
00
00
00
00
00
00
00
00
00
00
00
00
00
00
00
00
00
00
00
00
00
00
00
00
00
00
00
00
00
00
00
00
00
00
00
00
00
00
00
00
00
00
10
70
80
00
00
00
68
00
00
00
00
60
00
00
00
00
00
00
00
10
70
80
00
00
00
68
00
00
00
00
60
00
00
00
00
ff
00
00
80
02
70
0f
00
00
10
68
00
00
00
00
60
00
00
00
00
12
00
00
10
68
00
00
00
00
60
00
00
00
00
56
00
00
10
68
00
00
00
00
60
00
00
00
00
11
00
00
10
70
68
00
00
00
00
60
00
00
00
00
22
00
00
10
68
00
00
00
00
60
00
00
00
00
33
00
00
10
68
80
d0
00
00
44
68
70
80
00
d0
00
00
00
70
00
00
ff
00
00
00
00
00
00
00
00
00
00
00
00
00
05
00
00
00
05
00
05
00
50
10
18
00
ed
dc
18
00
40
ff
e0
18
50
40
10
40
18
00
ed
56
00
00
